03,13,23,56,2539
03,14,00,43,s
03,14,00,55,w
03,14,23,57,1063
03,15,00,07,s
03,15,00,35,w
03,15,00,49,s
03,15,00,56,w
03,15,23,56,2539
03,16,00,19,s
03,16,00,21,w
03,17,00,00,2311
03,17,00,06,s
03,17,00,38,w
03,17,00,43,s
03,17,00,47,w
03,17,00,53,s
03,17,00,58,w
03,17,23,58,293
03,18,00,57,s
03,18,00,58,w
03,19,00,00,2539
03,19,00,07,s
03,19,00,45,w
03,19,23,56,1031
03,20,00,18,s
03,20,00,58,w
03,21,00,03,1543
03,21,00,10,s
03,21,00,38,w
03,21,00,41,s
03,21,00,46,w
03,21,23,57,1153
03,22,00,29,s
03,22,00,52,w
03,23,00,00,1153
03,23,00,22,s
03,23,00,55,w
03,24,00,03,1879
03,24,00,26,s
03,24,00,54,w
03,25,00,00,1879
03,25,00,09,s
03,25,00,55,w
03,25,23,57,331
03,26,23,53,2539
03,27,00,03,s
03,27,00,21,w
03,27,00,42,s
03,27,00,56,w
03,27,23,53,1543
03,28,00,01,s
03,28,00,42,w
03,28,00,48,s
03,28,00,56,w
03,29,00,00,1997
03,29,00,11,s
03,29,00,58,w
03,29,23,57,1997
03,30,00,06,s
03,30,00,09,w
03,30,23,58,2539
03,31,00,39,s
03,31,00,43,w
03,31,00,46,s
03,31,00,48,w
03,31,23,49,1063
04,01,00,01,s
04,01,00,48,w
04,01,23,46,1997
04,02,00,04,s
04,02,00,50,w
04,02,23,57,1997
04,03,00,16,s
04,03,00,21,w
04,03,00,40,s
04,03,00,49,w
04,04,00,00,2539
04,04,00,26,s
04,04,00,58,w
04,05,00,00,131
04,05,00,08,s
04,05,00,21,w
04,06,00,03,1619
04,06,00,11,s
04,06,00,27,w
04,06,00,35,s
04,06,00,42,w
04,07,00,04,1619
04,07,00,16,s
04,07,00,45,w
04,07,23,59,1879
04,08,00,54,s
04,08,00,59,w
04,08,23,50,293
04,09,00,02,s
04,09,00,11,w
04,09,00,44,s
04,09,00,55,w
04,10,00,00,1879
04,10,00,10,s
04,10,00,44,w
04,10,00,48,s
04,10,00,57,w
04,10,23,57,1063
04,11,00,24,s
04,11,00,33,w
04,11,00,38,s
04,11,00,48,w
04,12,00,01,2351
04,12,00,38,s
04,12,00,41,w
04,12,00,46,s
04,12,00,47,w
04,12,00,56,s
04,12,00,58,w
04,12,23,57,2351
04,13,00,26,s
04,13,00,34,w
04,13,00,40,s
04,13,00,54,w
04,14,00,00,2411
04,14,00,20,s
04,14,00,28,w
04,14,00,53,s
04,14,00,57,w
04,14,23,58,2671
04,15,00,28,s
04,15,00,31,w
04,15,00,40,s
04,15,00,44,w
04,15,00,47,s
04,15,00,48,w
04,16,00,03,353
04,16,00,25,s
04,16,00,37,w
04,16,00,42,s
04,16,00,43,w
04,17,00,03,293
04,17,00,06,s
04,17,00,27,w
04,17,00,36,s
04,17,00,41,w
04,17,00,57,s
04,17,00,58,w
04,17,23,50,2053
04,18,00,03,s
04,18,00,48,w
04,18,00,51,s
04,18,00,53,w
04,18,23,57,2411
04,19,00,35,s
04,19,00,52,w
04,19,00,56,s
04,19,00,59,w
04,20,00,02,1543
04,20,00,16,s
04,20,00,23,w
04,20,00,29,s
04,20,00,49,w
04,21,00,01,1997
04,21,00,19,s
04,21,00,24,w
04,21,00,37,s
04,21,00,52,w
04,21,23,59,1879
04,22,00,15,s
04,22,00,26,w
04,22,00,52,s
04,22,00,58,w
04,23,00,01,1997
04,23,00,06,s
04,23,00,11,w
04,24,00,02,1997
04,24,00,20,s
04,24,00,33,w
04,24,00,41,s
04,24,00,54,w
04,25,00,02,1031
04,25,00,14,s
04,25,00,29,w
04,26,00,02,353
04,26,00,13,s
04,26,00,15,w
04,26,00,36,s
04,26,00,50,w
04,27,00,01,2053
04,27,00,15,s
04,27,00,49,w
04,27,00,54,s
04,27,00,57,w
04,27,23,53,1153
04,28,00,02,s
04,28,00,03,w
04,28,00,10,s
04,28,00,42,w
04,29,00,04,1879
04,29,00,29,s
04,29,00,47,w
04,29,00,56,s
04,29,00,58,w
04,29,23,56,1153
04,30,00,46,s
04,30,00,58,w
04,30,23,58,2351
05,01,00,20,s
05,01,00,57,w
05,02,00,00,1543
05,02,00,21,s
05,02,00,29,w
05,02,00,35,s
05,02,00,38,w
05,02,00,46,s
05,02,00,51,w
05,03,00,01,2311
05,03,00,27,s
05,03,00,59,w
05,04,00,00,449
05,04,00,17,s
05,04,00,22,w
05,04,00,54,s
05,04,00,59,w
05,04,23,51,353
05,05,00,02,s
05,05,00,52,w
05,06,00,02,307
05,06,00,14,s
05,06,00,56,w
05,06,23,54,1031
05,07,00,01,s
05,07,00,25,w
05,07,00,41,s
05,07,00,49,w
05,07,00,54,s
05,07,00,55,w
05,08,00,04,569
05,08,00,12,s
05,08,00,44,w
05,09,00,04,449
05,09,00,16,s
05,09,00,26,w
05,09,00,31,s
05,09,00,44,w
05,09,00,48,s
05,09,00,55,w
05,09,23,51,131
05,10,00,04,s
05,10,00,13,w
05,10,00,22,s
05,10,00,25,w
05,10,00,36,s
05,10,00,40,w
05,10,00,51,s
05,10,00,55,w
05,11,00,00,1063
05,11,00,13,s
05,11,00,38,w
05,12,00,00,1543
05,12,00,08,s
05,12,00,14,w
05,12,00,28,s
05,12,00,31,w
05,12,00,40,s
05,12,00,58,w
05,13,00,02,1063
05,13,00,18,s
05,13,00,27,w
05,13,00,32,s
05,13,00,45,w
05,14,00,03,307
05,14,00,25,s
05,14,00,26,w
05,14,00,36,s
05,14,00,44,w
05,14,00,47,s
05,14,00,49,w
05,15,00,00,2411
05,15,00,53,s
05,15,00,56,w
05,15,23,56,3371
05,16,00,32,s
05,16,00,56,w
05,16,23,58,2539
05,17,00,35,s
05,17,00,46,w
05,18,00,02,2411
05,18,00,35,s
05,18,00,40,w
05,18,00,46,s
05,18,00,53,w
05,18,00,56,s
05,18,00,57,w
05,18,23,46,1997
05,19,00,02,s
05,19,00,25,w
05,20,00,02,2411
05,20,00,14,s
05,20,00,47,w
05,21,00,04,2411
05,21,00,57,s
05,21,00,59,w
05,22,00,02,1997
05,22,00,11,s
05,22,00,15,w
05,23,00,00,2671
05,23,00,28,s
05,23,00,46,w
05,23,00,49,s
05,23,00,53,w
05,23,23,57,1153
05,24,00,36,s
05,24,00,59,w
05,24,23,49,1543
05,25,00,04,s
05,25,00,21,w
05,25,00,30,s
05,25,00,56,w
05,25,23,52,2311
05,26,00,05,s
05,26,00,46,w
05,26,23,46,353
05,27,00,02,s
05,27,00,59,w
05,28,00,02,2053
05,28,00,18,s
05,28,00,19,w
05,28,00,31,s
05,28,00,47,w
05,28,23,58,1031
05,29,00,18,s
05,29,00,56,w
05,30,00,03,1153
05,30,00,33,s
05,30,00,46,w
05,30,23,59,2671
05,31,00,32,s
05,31,00,57,w
05,31,23,58,2053
06,01,00,08,s
06,01,00,57,w
06,02,00,02,2053
06,02,00,41,s
06,02,00,54,w
06,02,00,57,s
06,02,00,59,w
06,03,00,00,2311
06,03,00,18,s
06,03,00,19,w
06,03,00,34,s
06,03,00,47,w
06,03,23,57,307
06,04,00,44,s
06,04,00,51,w
06,04,00,55,s
06,04,00,59,w
06,04,23,59,2311
06,05,00,09,s
06,05,00,57,w
06,05,23,46,1063
06,06,00,00,s
06,06,00,25,w
06,06,00,32,s
06,06,00,56,w
06,07,00,04,1879
06,07,00,28,s
06,07,00,34,w
06,07,00,52,s
06,07,00,58,w
06,07,23,57,2351
06,08,00,40,s
06,08,00,59,w
06,09,00,00,1063
06,09,00,23,s
06,09,00,38,w
06,09,00,42,s
06,09,00,55,w
06,09,23,57,2311
06,10,00,35,s
06,10,00,41,w
06,10,00,51,s
06,10,00,56,w
06,10,23,50,2411
06,11,00,04,s
06,11,00,52,w
06,12,00,03,131
06,12,00,07,s
06,12,00,09,w
06,12,00,25,s
06,12,00,33,w
06,12,00,38,s
06,12,00,47,w
06,12,00,51,s
06,12,00,58,w
06,13,00,03,353
06,13,00,20,s
06,13,00,40,w
06,13,00,43,s
06,13,00,45,w
06,13,00,49,s
06,13,00,55,w
06,13,23,53,131
06,14,00,04,s
06,14,00,12,w
06,14,00,38,s
06,14,00,51,w
06,14,00,54,s
06,14,00,59,w
06,14,23,57,2351
06,15,00,19,s
06,15,00,59,w
06,15,23,50,1063
06,16,00,02,s
06,16,00,09,w
06,16,00,24,s
06,16,00,44,w
06,16,23,49,353
06,17,00,04,s
06,17,00,32,w
06,17,00,37,s
06,17,00,42,w
06,17,23,59,3371
06,18,00,37,s
06,18,00,58,w
06,18,23,56,2351
06,19,00,14,s
06,19,00,43,w
06,19,00,47,s
06,19,00,50,w
06,20,00,04,131
06,20,00,20,s
06,20,00,43,w
06,20,23,53,1619
06,21,00,04,s
06,21,00,29,w
06,21,00,39,s
06,21,00,58,w
06,21,23,50,1031
06,22,00,05,s
06,22,00,52,w
06,23,00,00,131
06,23,00,47,s
06,23,00,50,w
06,24,00,00,353
06,24,00,20,s
06,24,00,41,w
06,24,00,46,s
06,24,00,51,w
06,25,00,02,353
06,25,00,11,s
06,25,00,54,w
06,26,00,04,2053
06,26,00,30,s
06,26,00,44,w
06,27,00,04,2053
06,27,00,12,s
06,27,00,57,w
06,28,00,03,293
06,28,00,06,s
06,28,00,37,w
06,28,00,48,s
06,28,00,53,w
06,28,23,56,131
06,29,00,43,s
06,29,00,54,w
06,29,00,57,s
06,29,00,58,w
06,30,00,02,1997
06,30,00,18,s
06,30,00,23,w
06,30,00,35,s
06,30,00,48,w
06,30,00,54,s
06,30,00,59,w
07,01,00,03,569
07,01,00,40,s
07,01,00,43,w
07,02,00,00,131
07,02,00,36,s
07,02,00,50,w
07,02,00,53,s
07,02,00,55,w
07,03,00,00,449
07,03,00,28,s
07,03,00,52,w
07,03,23,59,1619
07,04,00,14,s
07,04,00,18,w
07,04,00,21,s
07,04,00,52,w
07,04,23,56,2411
07,05,00,07,s
07,05,00,19,w
07,05,00,42,s
07,05,00,51,w
07,05,23,56,1031
07,06,00,50,s
07,06,00,53,w
07,06,00,57,s
07,06,00,59,w
07,07,00,03,2311
07,07,00,12,s
07,07,00,38,w
07,07,23,50,2411
07,08,00,03,s
07,08,00,17,w
07,08,00,38,s
07,08,00,43,w
07,08,23,58,1997
07,09,00,20,s
07,09,00,25,w
07,09,00,29,s
07,09,00,40,w
07,09,00,43,s
07,09,00,52,w
07,09,00,55,s
07,09,00,58,w
07,09,23,50,2351
07,10,00,04,s
07,10,00,31,w
07,10,00,37,s
07,10,00,50,w
07,11,00,00,449
07,11,00,20,s
07,11,00,43,w
07,12,00,01,1879
07,12,00,08,s
07,12,00,42,w
07,12,00,54,s
07,12,00,57,w
07,12,23,57,1619
07,13,00,40,s
07,13,00,57,w
07,14,00,03,1879
07,14,00,33,s
07,14,00,43,w
07,14,00,46,s
07,14,00,56,w
07,15,00,02,2351
07,15,00,17,s
07,15,00,50,w
07,16,00,04,2351
07,16,00,18,s
07,16,00,44,w
07,16,23,52,1031
07,17,00,01,s
07,17,00,19,w
07,17,00,30,s
07,17,00,47,w
07,17,00,57,s
07,17,00,58,w
07,18,00,04,1997
07,18,00,15,s
07,18,00,23,w
07,18,00,34,s
07,18,00,42,w
07,19,00,04,353
07,19,00,25,s
07,19,00,39,w
07,19,00,43,s
07,19,00,55,w
07,19,23,56,2351
07,20,00,06,s
07,20,00,34,w
07,20,23,59,1063
07,21,00,21,s
07,21,00,33,w
07,21,23,56,449
07,22,00,25,s
07,22,00,41,w
07,22,23,57,1153
07,23,00,13,s
07,23,00,14,w
07,23,00,33,s
07,23,00,54,w
07,23,23,58,2351
07,24,00,39,s
07,24,00,52,w
07,24,23,59,1153
07,25,00,06,s
07,25,00,49,w
07,25,23,58,2351
07,26,00,36,s
07,26,00,54,w
07,27,00,03,1619
07,27,00,12,s
07,27,00,52,w
07,28,00,04,3371
07,28,00,11,s
07,28,00,39,w
07,28,00,47,s
07,28,00,59,w
07,29,00,01,2053
07,29,00,31,s
07,29,00,46,w
07,29,00,51,s
07,29,00,57,w
07,30,00,04,1879
07,30,00,20,s
07,30,00,53,w
07,30,00,57,s
07,30,00,58,w
07,30,23,57,3371
07,31,00,24,s
07,31,00,33,w
07,31,23,58,2671
08,01,00,27,s
08,01,00,48,w
08,01,00,51,s
08,01,00,55,w
08,02,00,04,2053
08,02,00,42,s
08,02,00,51,w
08,02,00,55,s
08,02,00,57,w
08,03,00,03,2671
08,03,00,33,s
08,03,00,37,w
08,03,00,45,s
08,03,00,50,w
08,03,00,55,s
08,03,00,58,w
08,04,00,02,1997
08,04,00,20,s
08,04,00,25,w
08,04,00,30,s
08,04,00,40,w
08,04,23,58,1879
08,05,00,50,s
08,05,00,59,w
08,06,00,01,293
08,06,00,18,s
08,06,00,34,w
08,06,00,45,s
08,06,00,49,w
08,06,23,56,1997
08,07,00,15,s
08,07,00,37,w
08,07,00,45,s
08,07,00,52,w
08,07,23,58,2671
08,08,00,08,s
08,08,00,21,w
08,08,00,27,s
08,08,00,33,w
08,08,00,45,s
08,08,00,54,w
08,09,00,00,2053
08,09,00,33,s
08,09,00,36,w
08,09,00,50,s
08,09,00,56,w
08,09,23,50,131
08,10,00,03,s
08,10,00,41,w
08,10,00,52,s
08,10,00,56,w
08,10,23,58,1031
08,11,00,18,s
08,11,00,21,w
08,11,00,30,s
08,11,00,56,w
08,11,23,51,569
08,12,00,00,s
08,12,00,01,w
08,12,00,31,s
08,12,00,49,w
08,13,00,00,1031
08,13,00,19,s
08,13,00,42,w
08,14,00,02,3371
08,14,00,47,s
08,14,00,48,w
08,14,23,57,2539
08,15,00,28,s
08,15,00,29,w
08,15,00,43,s
08,15,00,44,w
08,16,00,00,3271
08,16,23,51,2539
08,17,00,03,s
08,17,00,20,w
08,17,00,40,s
08,17,00,50,w
08,17,23,53,131
08,18,00,01,s
08,18,00,52,w
08,18,23,48,1063
08,19,00,03,s
08,19,00,39,w
08,19,00,44,s
08,19,00,48,w
08,19,23,58,1489
08,21,00,03,1619
08,21,00,11,s
08,21,00,22,w
08,21,00,49,s
08,21,00,54,w
08,22,00,01,2311
08,22,00,33,s
08,22,00,42,w
08,22,00,57,s
08,22,00,58,w
08,23,00,00,1543
08,23,00,22,s
08,23,00,44,w
08,24,00,02,2539
08,24,00,08,s
08,24,00,40,w
08,24,23,53,1543
08,25,00,02,s
08,25,00,20,w
08,25,00,26,s
08,25,00,33,w
08,25,00,42,s
08,25,00,43,w
08,25,00,46,s
08,25,00,54,w
08,26,00,01,331
08,26,23,54,353
08,27,00,00,s
08,27,00,44,w
08,27,00,55,s
08,27,00,58,w
08,28,00,01,307
08,28,00,12,s
08,28,00,47,w
08,28,00,51,s
08,28,00,58,w
08,28,23,58,449
08,29,00,11,s
08,29,00,36,w
08,29,00,53,s
08,29,00,58,w
08,30,00,03,131
08,30,00,18,s
08,30,00,52,w
08,31,00,00,1031
08,31,00,16,s
08,31,00,23,w
08,31,00,36,s
08,31,00,41,w
08,31,00,54,s
08,31,00,58,w
09,01,00,04,2671
09,01,00,06,s
09,01,00,17,w
09,01,00,34,s
09,01,00,59,w
09,02,00,00,353
09,02,00,27,s
09,02,00,30,w
09,02,00,37,s
09,02,00,59,w
09,02,23,51,1619
09,03,00,01,s
09,03,00,46,w
09,03,23,49,2351
09,04,00,01,s
09,04,00,55,w
09,05,00,03,2539
09,05,00,32,s
09,05,00,48,w
09,05,00,54,s
09,05,00,57,w
09,05,23,54,1063
09,06,00,03,s
09,06,00,11,w
09,06,00,31,s
09,06,00,49,w
09,07,00,00,449
09,07,00,07,s
09,07,00,32,w
09,07,23,57,1031
09,08,00,15,s
09,08,00,45,w
09,08,00,50,s
09,08,00,58,w
09,09,00,04,1543
09,09,00,08,s
09,09,00,26,w
09,09,00,52,s
09,09,00,53,w
09,09,23,49,2671
09,10,00,02,s
09,10,00,13,w
09,10,00,29,s
09,10,00,42,w
09,10,23,58,2539
09,11,00,24,s
09,11,00,42,w
09,11,00,45,s
09,11,00,54,w
09,11,23,50,293
09,12,00,01,s
09,12,00,10,w
09,12,00,54,s
09,12,00,55,w
09,13,00,00,2671
09,13,00,07,s
09,13,00,45,w
09,14,00,00,131
09,14,00,31,s
09,14,00,39,w
09,14,00,51,s
09,14,00,57,w
09,14,23,46,1997
09,15,00,03,s
09,15,00,32,w
09,15,00,49,s
09,15,00,56,w
09,16,00,02,2539
09,16,00,15,s
09,16,00,54,w
09,16,23,56,331
09,17,23,57,2411
09,18,00,15,s
09,18,00,27,w
09,18,00,41,s
09,18,00,56,w
09,19,00,02,569
09,19,00,16,s
09,19,00,37,w
09,20,00,01,1153
09,20,00,54,s
09,20,00,55,w
09,21,00,02,3371
09,21,00,22,s
09,21,00,35,w
09,21,00,45,s
09,21,00,49,w
09,22,00,01,293
09,22,00,15,s
09,22,00,18,w
09,22,00,54,s
09,22,00,55,w
09,22,23,56,307
09,23,00,08,s
09,23,00,34,w
09,23,23,56,307
09,24,00,22,s
09,24,00,52,w
09,24,23,59,449
09,25,00,21,s
09,25,00,35,w
09,25,00,46,s
09,25,00,56,w
09,26,00,04,2539
09,26,00,21,s
09,26,00,47,w
09,27,00,01,449
09,27,00,30,s
09,27,00,55,w
09,28,00,04,1997
09,28,00,17,s
09,28,00,22,w
09,28,00,48,s
09,28,00,55,w
09,29,00,00,2411
09,29,00,30,s
09,29,00,41,w
09,29,00,45,s
09,29,00,48,w
09,29,23,58,2351
09,30,00,13,s
09,30,00,22,w
09,30,23,59,1153
10,01,00,16,s
10,01,00,39,w
10,01,00,47,s
10,01,00,55,w
10,01,23,59,2053
10,02,00,27,s
10,02,00,41,w
10,02,00,44,s
10,02,00,55,w
10,02,23,54,1879
10,03,00,00,s
10,03,00,31,w
10,03,00,46,s
10,03,00,55,w
10,03,23,48,2351
10,04,00,02,s
10,04,00,21,w
10,04,00,45,s
10,04,00,59,w
10,05,00,01,2351
10,05,00,30,s
10,05,00,49,w
10,06,00,02,449
10,06,00,24,s
10,06,00,30,w
10,06,00,38,s
10,06,00,42,w
10,06,00,46,s
10,06,00,52,w
10,06,23,57,1543
10,07,00,16,s
10,07,00,59,w
10,08,00,01,1063
10,08,00,07,s
10,08,00,31,w
10,08,00,35,s
10,08,00,47,w
10,09,00,04,449
10,09,00,53,s
10,09,00,58,w
10,10,00,03,3371
10,10,00,31,s
10,10,00,38,w
10,10,00,44,s
10,10,00,45,w
10,10,00,51,s
10,10,00,53,w
10,10,00,57,s
10,10,00,58,w
10,10,23,56,449
10,11,00,20,s
10,11,00,46,w
10,12,00,00,449
10,12,00,10,s
10,12,00,28,w
10,12,00,33,s
10,12,00,51,w
10,13,00,03,2539
10,13,00,15,s
10,13,00,21,w
10,13,00,25,s
10,13,00,45,w
10,13,00,51,s
10,13,00,59,w
10,14,00,03,353
10,14,00,56,s
10,14,00,57,w
10,15,00,00,2351
10,15,00,55,s
10,15,00,58,w
10,15,23,59,2351
10,16,00,17,s
10,16,00,36,w
10,16,23,57,2539
10,17,00,34,s
10,17,00,48,w
10,18,00,04,1031
10,18,00,13,s
10,18,00,33,w
10,18,00,49,s
10,18,00,57,w
10,19,00,00,449
10,19,00,10,s
10,19,00,33,w
10,20,00,01,1997
10,20,00,16,s
10,20,00,34,w
10,20,23,57,2411
10,21,00,24,s
10,21,00,40,w
10,21,00,43,s
10,21,00,49,w
10,22,00,00,1153
10,22,00,23,s
10,22,00,41,w
10,22,23,59,307
10,23,00,37,s
10,23,00,53,w
10,24,00,00,1031
10,24,00,19,s
10,24,00,26,w
10,24,00,31,s
10,24,00,34,w
10,24,23,57,307
10,25,00,07,s
10,25,00,09,w
10,25,00,14,s
10,25,00,30,w
10,26,00,03,1153
10,26,00,24,s
10,26,00,41,w
10,26,00,48,s
10,26,00,58,w
10,26,23,52,293
10,27,00,03,s
10,27,00,40,w
10,27,00,46,s
10,27,00,48,w
10,27,23,50,1997
10,28,00,02,s
10,28,00,47,w
10,29,00,00,2671
10,29,00,09,s
10,29,00,36,w
10,29,00,48,s
10,29,00,53,w
10,29,23,58,569
10,30,00,15,s
10,30,00,18,w
10,30,00,30,s
10,30,00,34,w
10,30,00,37,s
10,30,00,41,w
10,30,23,58,2053
10,31,00,19,s
10,31,00,30,w
10,31,00,38,s
10,31,00,43,w
11,01,00,01,1063
11,01,00,35,s
11,01,00,38,w
11,02,00,00,1543
11,02,00,35,s
11,02,00,50,w
11,03,00,03,293
11,03,00,10,s
11,03,00,30,w
11,03,00,40,s
11,03,00,51,w
11,04,00,00,2053
11,04,00,25,s
11,04,00,49,w
11,05,00,03,449
11,05,00,41,s
11,05,00,55,w
11,06,00,01,2671
11,06,00,35,s
11,06,00,49,w
11,07,00,00,2411
11,07,00,41,s
11,07,00,50,w
11,07,23,57,1543
11,08,00,08,s
11,08,00,50,w
11,08,23,48,2053
11,09,00,02,s
11,09,00,33,w
11,10,00,03,293
11,10,00,09,s
11,10,00,10,w
11,10,23,51,569
11,11,00,02,s
11,11,00,22,w
11,12,00,02,131
11,12,00,21,s
11,12,00,46,w
11,13,00,01,1063
11,13,00,27,s
11,13,00,41,w
11,14,00,03,2053
11,14,00,31,s
11,14,00,43,w
11,14,00,56,s
11,14,00,59,w
11,14,23,56,2671
11,15,00,31,s
11,15,00,43,w
11,15,23,59,353
11,16,00,06,s
11,16,00,18,w
11,16,00,39,s
11,16,00,52,w
11,16,23,59,2539
11,17,00,09,s
11,17,00,39,w
11,17,00,44,s
11,17,00,52,w
11,17,23,46,569
11,18,00,02,s
11,18,00,13,w
11,19,00,00,1153
11,19,00,15,s
11,19,00,22,w
11,19,00,41,s
11,19,00,46,w
11,19,23,53,353
11,20,00,00,s
11,20,00,06,w
11,20,00,36,s
11,20,00,58,w
11,20,23,46,1879
11,21,00,04,s
11,21,00,52,w
11,22,00,00,1489
11,22,23,57,2053
11,23,00,12,s
11,23,00,29,w
11,23,00,37,s
11,23,00,52,w